70
35
5
46
35
92
18
35
70
73
96
18
70
70
69
15
74
72
23
76
53
65
56
56
84
27
8
31
56
35
56
35
98
76
75
1
18
63
62
2
69
87
68
88
81
22
76
38
87
76
69
36
36
85
28
63
40
40
78
29
72
56
61
87
56
75
12
37
57
85
81
22
79
91
62
16
98
87
37
42
51
51
15
44
19
62
98
73
47
98
56
53
85
76
48
84
75
4
18
77
14
66
77
32
30
63
26
97
98
15
68
70
28
66
73
70
9
72
56
72
87
31
51
51
66
87
95
58
25
74
51
71
88
28
43
61
41
18
62
41
73
98
56
41
41
10
25
50
51
63
22
81
81
22
64
73
48
27
0
45
41
64
94
41
64
94
35
18
59
38
35
11
17
88
8
76
15
35
39
16
11
55
38
85
70
16
86
86
8
94
71
97
72
56
26
70
22
67
62
76
79
39
25
79
18
10
8
30
0
86
93
70
59
18
36
23
25
70
93
7
39
17
83
61
4
60
41
79
51
22
31
51
12
5
30
34
82
43
56
52
64
74
14
10
69
76
61
8
46
37
46
81
92
5
94
73
92
70
24
45
93
18
71
93
74
96
94
69
39
70
94
54
47
96
16
61
81
30
92
6
41
15
35
5
30
87
94
58
87
39
30
10
58
98
58
5
58
87
58
30
58
73
94
38
5
49
36
95
60
43
10
87
30
49
41
58
85
38
27
58
87
70
78
94
38
87
59
85
7
32
35
96
10
90
61
3
26
58
98
13
11
53
94
58
61
50
30
30
41
46
62
87
87
93
46
97
94
22
72
56
73
46
52
79
2
61
70
51
51
11
44
59
28
67
56
47
75
38
84
39
87
73
85
73
49
72
43
59
98
53
53
15
69
52
73
57
92
25
56
15
73
85
85
69
73
56
9
26
98
15
15
92
10
35
63
5
18
4
70
41
5
