12
28
75
88
28
86
99
28
86
52
9
69
37
56
47
29
4
17
23
88
88
91
33
52
40
6
86
86
25
29
86
86
86
79
62
28
63
86
28
9
34
72
33
42
34
91
54
72
91
54
72
88
12
33
86
28
47
72
68
90
75
47
1
1
50
52
33
56
72
75
44
90
67
86
47
38
85
69
71
34
28
34
54
87
28
75
52
28
9
86
51
50
52
33
52
54
82
34
82
52
50
1
23
44
28
54
33
62
9
62
72
72
72
72
42
85
56
91
26
1
75
98
39
72
72
28
31
22
81
44
72
89
71
62
28
74
35
34
59
86
23
81
36
6
11
72
42
28
48
81
75
87
42
1
47
91
33
26
9
42
4
56
75
52
90
90
74
15
25
71
47
14
23
28
28
67
39
68
47
33
28
86
86
45
28
26
42
91
28
22
82
17
72
42
42
28
17
34
42
72
32
88
33
42
47
25
68
9
76
36
29
83
81
86
44
42
44
75
28
28
87
83
52
94
43
75
17
39
33
30
11
27
73
41
20
56
86
83
29
86
9
86
56
29
43
93
27
48
33
40
0
92
12
90
28
86
84
55
66
29
54
60
50
79
86
58
86
86
21
3
23
64
96
52
94
28
9
36
80
10
56
83
47
59
59
83
43
25
12
78
81
33
96
54
28
86
3
59
57
92
18
56
82
33
15
54
67
39
28
86
25
39
6
96
91
45
10
29
79
66
91
33
97
34
15
35
63
36
50
94
32
45
35
36
88
96
33
66
82
62
24
88
28
86
28
54
40
88
72
46
86
17
40
17
79
71
3
12
18
45
93
9
93
10
96
27
75
9
8
28
28
86
15
72
76
26
91
67
1
83
64
47
13
65
35
98
55
62
37
49
93
66
84
44
81
20
35
92
36
27
25
82
13
7
17
20
11
56
47
54
14
34
78
22
3
59
59
34
93
38
28
96
91
3
75
53
66
66
0
34
4
41
83
37
11
33
3
39
15
59
86
52
97
70
65
55
13
40
38
41
12
48
90
96
10
18
32
59
29
54
67
14
81
45
49
93
84
82
6
62
29
42
52
41
47
20
73
28
79
45
70
41
85
83
76
81
14
30
30
30
8
29
55
75
41
39
51
16
53
22
62
95
60
83
25
22
39
23
10
46
52
95
72
24
98
62
92
5
8
83
1
22
51
12
85
83
74
85
37
15
41
36
86
99
21
41
15
16
77
49
26
97
9
30
53
24
88
33
52
28
11
61
68
70
35
91
29
20
41
73
29
91
85
61
68
52
94
86
86
73
54
29
8
20
94
78
20
47
46
53
30
82
82
0
26
50
68
26
50
72
62
72
86
62
91
21
36
30
92
94
16
69
52
11
47
15
76
76
51
54
24
22
88
65
45
9
1
81
17
34
19
61
72
63
99
16
9
26
27
89
40
73
86
11
1
94
93
67
17
5
61
41
86
62
88
33
96
86
19
38
85
72
67
93
28
33
56
41
56
47
37
78
76
15
86
87
26
87
28
75
16
47
75
70
2
94
59
3
57
63
33
66
66
52
62
27
5
41
66
30
30
28
66
66
84
16
83
96
37
24
93
32
58
76
86
34
96
42
46
5
43
44
65
50
81
9
29
39
36
34
34
70
86
43
19
36
70
70
70
75
61
60
11
73
64
30
56
54
64
33
30
57
33
64
28
91
59
93
8
27
56
19
28
72
97
91
28
90
35
5
29
59
28
86
65
71
66
66
35
70
62
35
86
55
66
83
92
84
17
66
54
86
78
66
52
3
27
46
52
51
86
80
23
39
85
69
14
26
82
30
1
59
22
81
94
17
82
91
64
23
9
75
36
50
32
0
92
37
90
81
3
28
50
15
71
91
54
82
39
73
16
32
52
4
2
30
0
78
33
1
7
47
54
19
36
38
75
49
3
41
46
75
0
28
83
94
73
90
9
41
47
42
41
28
28
75
91
86
9
28
28
33
42
34
84
73
41
41
75
86
86
15
68
16
86
28
20
47
73
94
5
6
5
73
82
68
24
79
30
68
86
39
42
35
70
75
28
86
28
41
32
86
99
94
94
28
79
1
1
94
73
77
32
88
95
94
72
56
73
51
85
71
56
66
86
28
9
28
83
91
15
73
34
47
42
41
49
27
50
83
41
13
94
7
55
7
55
97
88
59
53
94
9
96
94
72
72
41
49
26
72
42
39
28
9
94
81
53
83
5
28
54
91
35
5
34
59
82
30
43
64
94
35
79
80
45
9
71
93
72
12
95
4
2
92
44
57
51
81
98
56
81
38
62
3
66
11
38
85
35
61
3
3
41
93
45
22
17
15
1
66
45
27
6
32
61
11
22
12
83
11
11
6
37
11
83
2
94
78
74
8
73
41
11
94
74
51
26
94
30
96
77
59
96
96
60
77
14
59
41
41
73
41
9
35
46
77
80
80
64
43
51
8
66
60
21
60
75
49
47
56
96
33
52
49
94
23
0
63
41
3
49
70
65
0
55
56
46
58
55
35
83
25
25
73
73
13
55
81
33
43
2
36
30
64
95
52
40
3
86
83
23
94
86
58
75
38
55
80
41
56
25
6
37
93
78
78
37
57
83
1
58
24
83
80
29
25
69
86
39
27
72
88
28
77
26
92
32
79
59
78
45
39
75
63
63
98
72
72
89
11
16
34
57
24
86
76
67
52
54
90
28
82
34
50
28
66
70
8
42
9
72
56
82
67
52
28
89
55
69
75
36
54
47
63
86
78
0
55
48
94
28
32
83
56
39
28
89
86
41
52
75
9
28
86
86
86
42
6
30
54
90
88
42
33
72
72
56
56
87
93
66
66
38
54
36
16
42
56
75
28
50
97
38
47
47
37
67
6
37
34
46
86
86
90
74
5
19
28
85
98
1
63
19
28
49
93
97
29
54
87
76
86
36
33
31
71
88
28
86
9
22
9
27
93
14
72
72
54
9
19
9
90
72
29
42
56
67
28
28
86
33
97
63
22
81
28
90
28
69
4
1
75
9
86
44
90
75
28
36
28
33
63
72
44
88
42
42
42
66
6
