58
84
67
71
84
73
11
73
73
35
19
39
13
98
74
74
13
82
35
37
30
44
23
98
35
44
73
73
38
74
84
15
71
23
13
73
28
71
84
73
1
88
23
23
27
16
47
23
16
47
68
37
58
23
15
84
68
47
83
6
85
68
17
84
76
27
1
98
68
59
15
3
20
73
68
21
92
88
3
16
84
27
27
46
12
30
35
84
73
71
36
76
35
23
35
27
25
16
44
13
69
42
59
30
84
27
25
61
84
98
88
47
68
23
23
25
98
44
41
42
85
68
35
47
68
73
49
17
19
84
47
86
85
98
15
15
40
39
73
71
59
9
42
44
35
23
68
84
48
15
85
46
23
6
16
1
35
67
84
68
24
47
85
35
67
52
95
7
38
57
35
65
9
73
84
43
74
0
68
23
84
71
73
81
84
41
27
23
84
76
44
25
23
23
23
73
82
24
98
23
6
37
23
23
91
23
0
73
21
70
74
5
9
1
90
98
90
85
30
84
46
5
74
50
34
85
25
35
23
94
20
62
21
60
57
38
71
89
74
67
84
15
38
74
34
30
6
41
82
14
52
23
19
3
73
15
16
56
35
74
68
78
15
9
73
70
73
71
11
82
59
89
33
91
18
84
73
58
28
27
38
40
74
53
53
89
34
29
84
15
11
35
33
1
84
73
82
62
63
99
87
37
44
23
92
47
22
43
84
67
29
64
55
33
44
81
27
44
29
1
16
1
3
39
7
77
28
58
76
50
10
81
93
42
29
33
1
24
30
32
66
3
91
15
73
27
65
67
23
60
15
97
14
25
9
80
82
84
20
80
30
19
96
63
64
96
85
28
18
84
73
73
92
47
88
41
16
22
36
53
89
0
25
69
40
4
56
47
13
97
96
1
51
90
19
21
40
93
42
96
29
44
14
42
25
19
45
35
68
47
58
39
51
17
82
66
62
39
2
82
58
33
44
82
85
78
1
1
52
39
51
40
40
2
22
25
82
64
92
53
73
35
79
77
69
12
14
14
82
60
58
48
3
33
27
31
11
71
74
72
23
64
19
97
97
96
51
99
23
13
74
68
1
34
68
47
21
15
6
97
77
60
61
74
21
19
95
94
94
94
18
74
21
85
60
43
36
69
74
67
49
4
78
89
98
3
64
9
5
56
64
75
68
66
88
47
93
87
18
27
36
17
36
9
68
40
95
61
98
92
94
42
15
70
64
60
7
11
72
81
41
79
74
62
78
66
30
47
35
84
35
43
0
77
40
16
74
16
77
34
74
16
46
7
0
35
50
73
73
8
31
74
18
43
78
1
47
68
56
49
94
88
44
99
67
15
0
67
15
23
47
88
15
32
16
5
42
94
93
50
10
63
83
20
68
7
4
21
36
74
66
17
67
42
81
28
36
36
22
55
15
45
47
28
2
69
81
17
95
73
85
8
67
20
6
94
96
47
82
87
45
56
84
47
10
23
33
15
15
21
92
68
35
12
84
20
98
60
13
68
98
2
4
7
71
46
41
46
73
85
54
68
67
77
63
62
65
82
99
28
1
1
1
35
98
62
87
60
1
62
62
84
1
1
51
11
53
33
32
66
96
10
70
21
73
27
33
47
62
87
82
90
67
76
19
28
68
35
52
39
39
57
73
34
76
42
40
40
77
85
45
78
20
8
89
62
98
47
89
25
62
25
23
89
84
27
53
96
97
96
98
67
84
47
79
75
84
73
93
87
74
53
84
73
11
80
1
1
57
77
7
77
15
61
1
25
93
51
25
1
0
15
71
1
35
56
96
60
98
36
15
29
59
75
54
21
65
41
44
66
84
69
17
19
50
25
16
25
60
18
84
15
42
15
6
52
93
13
95
19
82
84
15
7
80
16
47
16
43
60
70
10
35
92
99
94
52
24
23
42
42
91
47
15
42
21
71
97
92
60
56
85
52
84
89
50
56
84
73
60
47
68
60
84
73
85
16
71
84
84
9
23
27
39
31
8
60
60
85
73
67
7
0
10
73
15
35
68
56
50
87
93
87
34
23
0
66
6
62
0
73
43
98
40
77
85
84
73
84
60
6
73
86
50
50
73
33
15
15
50
60
72
37
37
16
78
88
98
8
36
61
23
98
1
15
84
73
73
74
16
47
8
27
47
47
60
97
96
95
89
60
24
50
86
90
86
90
95
37
62
34
62
42
50
50
47
47
60
81
17
23
35
43
6
73
50
19
50
89
87
84
47
68
93
87
27
62
44
94
89
89
50
23
9
10
81
67
80
26
23
9
39
49
39
93
90
99
36
19
88
92
19
16
32
82
1
22
61
92
40
45
82
82
60
41
97
3
22
43
65
1
80
51
44
11
45
20
17
19
89
20
20
93
31
20
53
63
50
15
58
18
8
18
71
50
58
95
41
50
95
33
72
62
94
3
78
72
64
65
60
60
8
60
65
93
50
72
38
37
89
54
36
18
1
78
40
78
59
97
68
38
33
23
27
97
50
59
29
30
60
82
97
94
69
52
8
37
62
86
34
40
5
29
29
8
34
82
61
19
25
40
43
73
94
60
75
98
62
82
73
89
75
50
73
86
59
99
12
12
77
38
68
78
2
85
2
2
13
55
5
76
70
66
5
29
74
57
21
73
43
73
88
37
84
72
48
23
37
6
53
51
81
43
59
30
28
91
68
47
52
20
70
39
35
66
71
4
1
1
1
84
73
1
44
76
73
16
40
18
98
84
47
68
23
23
98
73
42
90
63
85
42
27
91
30
73
2
52
90
48
50
84
10
66
37
4
73
52
84
60
98
85
84
84
73
67
84
47
82
94
47
37
37
98
1
88
23
98
98
46
14
16
1
88
47
52
70
23
68
85
73
76
79
21
61
68
98
47
93
31
25
62
15
73
9
15
87
67
84
61
68
59
30
15
11
97
96
80
1
71
46
4
71
42
61
74
80
37
73
67
84
15
42
96
96
65
68
47
27
84
67
84
28
47
83
23
98
35
42
73
15
23
79
12
17
9
84
73
12
91
47
84
85
84
84
90
37
59
42
42
73
98
38
23
12
15
47
23
68
24
44
