87
99
24
98
87
13
43
83
61
87
61
61
87
43
17
61
51
82
62
61
31
51
50
22
73
45
27
26
39
50
19
80
26
73
9
93
93
62
65
37
17
36
95
87
87
10
49
65
29
45
40
59
30
39
55
90
19
66
13
81
22
3
45
16
64
38
46
54
73
93
12
51
46
14
12
2
51
76
15
66
13
34
37
39
30
28
76
58
21
33
37
63
30
93
45
27
45
34
25
78
96
36
69
4
6
74
96
48
52
35
73
86
26
37
72
81
48
49
93
83
29
13
25
32
28
93
75
3
85
14
24
21
17
3
83
52
77
9
19
30
33
41
70
86
41
17
35
82
54
91
9
92
41
57
93
56
36
79
12
58
33
64
92
94
83
97
14
45
83
0
4
49
38
80
95
68
94
86
85
70
99
63
45
26
82
52
79
98
87
69
15
32
65
61
59
69
96
51
48
76
58
51
42
7
22
12
38
7
96
87
15
50
73
61
41
95
15
14
85
54
87
40
73
36
58
20
58
30
58
58
77
39
16
27
87
36
59
30
51
49
58
30
15
0
57
16
15
66
10
88
44
49
13
99
22
13
49
27
6
62
98
13
49
79
59
45
88
96
2
45
88
45
8
63
38
62
59
55
21
31
45
26
37
44
39
95
64
27
17
