77
93
56
56
40
93
87
40
77
8
33
32
77
77
92
7
95
23
59
4
66
69
47
38
31
66
18
7
98
57
38
57
88
21
85
36
54
28
32
99
39
43
0
37
19
17
4
88
46
4
91
42
42
46
10
28
85
14
2
74
57
98
45
46
98
85
95
13
55
61
9
17
6
16
49
70
88
46
98
23
36
36
7
90
76
47
88
8
91
91
98
60
92
21
48
51
67
32
32
72
35
1
72
84
94
30
41
79
0
7
0
47
65
16
34
88
19
23
98
88
46
46
36
36
1
46
75
70
38
95
36
80
67
48
89
45
60
23
98
60
60
91
38
60
60
27
77
95
95
30
30
9
19
17
89
34
48
12
52
81
32
60
94
60
89
64
40
32
62
88
55
20
14
37
18
91
7
78
43
11
20
56
88
92
77
11
71
73
18
50
80
79
68
61
41
77
17
43
7
21
33
35
57
6
32
55
18
94
52
15
30
77
36
87
73
73
29
77
96
80
43
22
89
45
74
78
60
33
36
41
60
76
81
87
94
39
1
34
98
5
60
95
64
63
39
4
45
18
56
87
56
9
93
87
64
8
93
77
97
81
96
5
80
30
58
94
50
5
64
77
50
47
91
33
11
44
95
62
44
44
62
43
93
87
94
4
94
70
4
75
94
55
70
4
70
83
70
0
70
62
94
8
19
21
87
97
86
39
78
54
63
46
94
97
45
70
61
68
96
70
46
77
2
50
61
7
65
61
70
10
93
70
53
3
45
82
41
70
4
14
22
49
50
70
45
76
94
94
60
62
98
46
46
6
50
79
50
17
23
98
8
77
5
6
63
45
77
36
36
22
48
53
84
47
98
68
85
99
31
35
46
8
47
8
97
23
92
62
57
50
87
7
39
27
34
40
93
68
38
7
8
61
61
39
34
38
28
41
88
92
92
93
63
23
30
77
87
13
77
77
87
