46
14
10
91
46
70
89
82
45
46
45
45
46
89
25
43
36
99
98
45
61
36
76
17
60
81
62
41
43
15
42
10
41
8
6
96
26
32
69
13
20
58
43
46
46
5
53
42
74
81
85
53
94
64
90
28
67
25
14
19
17
24
81
70
60
21
94
27
60
12
9
36
62
9
11
99
36
21
7
20
78
39
31
43
94
84
21
70
18
25
98
12
94
14
81
96
81
39
38
2
33
97
39
13
23
95
50
84
35
57
8
67
41
13
47
9
53
97
96
74
74
53
23
80
73
26
30
82
92
65
66
65
22
82
82
27
71
42
67
62
44
60
77
73
60
25
93
25
27
25
65
93
60
99
30
38
58
71
19
86
44
34
93
50
5
79
71
81
89
52
13
27
21
38
75
49
50
73
92
77
96
28
81
41
16
35
6
8
61
91
32
11
11
45
62
91
50
36
26
21
70
36
98
86
76
19
21
86
76
46
7
76
34
45
32
43
7
71
92
91
46
85
60
58
70
85
70
94
70
94
72
43
70
2
4
95
53
62
70
97
86
94
7
52
93
70
7
24
55
2
28
97
14
14
17
53
97
96
55
13
4
14
97
6
62
80
37
50
55
81
41
97
18
28
99
32
66
66
40
49
81
41
87
30
64
75
60
12
89
