60
73
94
73
73
6
80
97
41
25
25
41
19
64
65
84
59
73
73
73
73
71
53
60
89
34
30
50
75
30
62
14
55
53
78
78
40
78
63
38
48
25
87
93
90
65
50
71
42
78
60
40
12
66
78
70
86
65
55
65
2
78
22
0
23
68
88
87
98
82
84
59
36
95
31
56
55
78
28
67
28
2
1
97
12
49
75
86
74
67
63
17
84
42
95
62
48
4
39
88
13
48
73
47
46
36
44
52
69
41
62
43
15
78
44
15
73
67
65
7
39
25
22
27
1
0
21
55
42
76
46
15
96
74
88
4
74
92
3
17
58
0
71
65
45
89
76
78
43
75
91
40
24
24
84
0
0
92
7
32
69
4
76
42
2
78
72
45
69
14
45
4
46
81
70
24
97
0
65
66
7
92
78
68
47
21
42
30
68
47
10
49
4
44
37
21
33
1
67
73
86
38
37
84
42
70
42
59
23
25
35
36
88
23
98
98
66
75
17
69
90
11
15
75
27
13
43
23
6
4
16
22
11
52
84
2
94
91
16
4
0
17
84
17
42
41
59
22
22
19
17
48
92
70
50
19
17
42
55
96
4
25
0
58
2
4
24
42
20
55
47
35
6
42
94
39
94
46
13
99
93
43
90
42
89
4
4
51
15
11
46
61
13
0
48
78
68
3
59
46
23
35
7
39
85
4
89
0
22
26
24
61
43
10
4
76
69
19
76
37
46
83
59
94
36
75
33
9
17
65
75
29
4
29
36
93
7
68
86
79
61
16
23
99
56
23
73
85
9
7
81
69
45
96
11
98
98
67
3
80
3
85
5
47
29
1
91
7
11
47
69
89
7
21
53
85
19
36
76
86
74
43
83
28
41
84
73
73
19
15
25
49
11
68
42
76
19
47
92
17
47
91
84
22
71
47
39
0
68
0
25
97
71
67
3
59
7
2
85
28
73
91
43
21
92
47
39
43
40
93
49
34
36
15
73
88
0
5
68
66
0
77
93
13
66
17
71
44
61
40
40
0
80
26
68
45
78
34
16
80
27
34
84
23
45
73
97
22
1
1
1
21
55
16
98
78
65
23
98
41
44
98
88
23
12
78
1
76
9
26
30
11
90
7
52
21
7
47
0
43
4
17
86
16
4
92
58
17
47
70
42
67
0
22
76
11
84
44
7
21
0
0
75
0
23
73
96
29
76
31
16
61
61
21
92
16
88
7
68
71
4
68
43
6
17
3
11
2
65
0
0
1
23
19
92
98
19
93
87
98
27
68
47
27
1
11
73
85
59
36
45
44
27
48
6
23
23
68
37
6
47
74
62
47
68
21
27
76
19
19
91
36
60
36
0
49
4
44
30
84
22
42
24
43
47
68
