3
59
22
27
19
16
16
94
43
92
88
49
44
36
50
3
39
72
5
35
55
35
77
0
51
77
32
46
26
4
65
30
5
53
15
71
93
45
93
5
91
47
17
37
76
15
46
5
3
77
87
53
93
45
55
0
46
19
45
16
44
46
53
46
46
76
50
77
30
77
77
94
94
93
87
30
49
77
46
73
41
58
55
58
41
38
67
27
23
38
62
5
58
41
41
26
64
24
16
1
77
11
18
37
77
78
94
37
14
21
89
66
10
73
60
86
9
26
49
30
78
22
76
16
19
60
14
14
57
24
78
49
47
65
5
30
23
5
51
4
23
63
93
15
27
14
86
25
35
73
39
14
41
70
46
41
83
30
45
93
84
46
78
37
1
70
93
71
88
46
94
35
5
21
41
26
36
97
81
30
69
93
41
18
35
55
70
2
93
49
53
13
13
39
45
86
86
49
83
9
30
45
45
83
66
8
95
10
94
92
66
68
61
61
41
74
68
59
93
12
68
22
80
26
12
61
26
43
87
61
43
57
27
39
96
3
73
73
41
30
35
5
55
11
83
18
35
93
34
53
58
30
94
94
8
30
30
30
45
31
14
4
30
3
13
53
12
26
46
26
69
3
30
73
53
10
5
23
64
56
76
4
72
30
17
27
94
45
41
58
41
30
96
88
48
62
57
37
4
96
45
11
35
5
64
95
4
68
99
92
29
52
64
49
86
15
95
11
94
26
23
79
39
64
64
46
82
40
40
5
67
26
12
72
61
27
10
95
22
12
17
41
30
28
10
55
12
30
41
30
37
57
80
37
17
17
24
30
59
92
96
30
35
38
62
78
43
41
22
80
45
26
4
2
95
84
99
30
84
36
97
77
68
23
10
92
45
66
50
76
89
4
19
65
36
91
14
0
32
99
30
58
15
49
78
41
88
43
15
12
22
40
78
44
19
37
41
12
45
21
4
57
51
55
74
32
94
16
41
96
76
16
41
41
41
30
41
30
