89
62
17
51
17
10
54
50
86
93
67
97
12
42
76
56
43
23
87
40
56
80
72
14
36
72
37
56
41
32
69
94
56
49
7
80
26
28
26
56
75
98
89
87
4
46
56
56
82
72
46
34
96
81
34
52
72
86
81
54
90
87
34
62
56
21
76
72
94
83
83
50
72
96
46
94
97
72
72
60
60
86
56
70
94
99
43
96
80
23
98
87
54
60
77
3
34
66
54
33
72
20
6
87
72
2
50
13
64
94
73
1
55
8
78
73
28
67
53
94
2
2
39
70
79
97
71
71
99
66
2
97
91
42
38
62
59
87
36
13
59
30
96
7
53
71
71
61
93
40
75
65
60
54
56
60
53
94
81
96
31
56
2
13
36
77
41
80
30
77
50
93
87
5
60
41
52
79
19
94
39
50
60
87
40
56
77
63
96
97
87
14
25
89
81
73
15
81
89
28
94
81
80
79
1
18
75
63
50
99
1
22
45
45
32
80
0
97
2
27
0
17
3
41
95
45
41
34
46
45
34
93
87
40
33
82
34
34
60
94
93
87
56
20
5
8
57
96
99
94
70
94
50
50
18
94
94
94
81
49
64
13
94
82
14
78
9
41
87
48
39
82
94
34
62
27
87
59
89
98
21
92
68
62
82
12
53
81
60
70
60
62
33
37
48
7
55
13
24
18
81
20
93
87
60
75
32
0
25
93
74
1
89
97
73
7
75
20
50
41
59
6
64
89
89
77
25
14
14
87
45
41
9
47
45
96
55
39
41
19
89
60
62
42
55
12
9
94
60
94
87
55
10
13
25
14
66
94
65
99
94
94
77
99
32
84
34
60
17
38
28
41
92
63
55
51
70
94
32
81
79
50
22
65
73
93
81
1
12
88
15
24
79
42
52
16
58
12
97
70
94
70
92
97
2
34
30
46
7
19
3
14
2
90
67
13
60
58
81
18
13
99
42
96
95
6
50
70
60
33
88
54
60
60
60
94
60
94
