41
86
30
86
86
1
74
49
26
17
17
26
12
13
14
44
23
86
86
86
86
86
83
41
83
73
88
94
95
63
46
93
10
59
60
53
64
27
10
25
9
33
37
35
44
14
94
86
1
60
41
35
46
24
60
58
46
14
60
88
78
59
67
47
25
56
72
80
56
3
49
23
1
74
37
5
31
60
63
26
9
78
66
24
5
68
95
38
39
86
10
22
78
65
74
94
93
76
34
98
62
48
28
20
85
1
82
89
58
90
30
61
86
60
82
50
93
19
9
15
76
34
66
10
66
68
76
10
65
50
87
86
78
47
98
76
29
85
19
22
74
68
49
14
61
64
50
60
39
39
98
24
66
13
32
68
68
87
15
43
65
46
19
36
78
60
77
61
65
40
61
76
87
45
58
4
49
68
65
24
15
85
60
47
85
38
28
63
4
54
32
31
76
82
88
38
96
66
26
86
89
29
88
28
36
16
36
23
33
33
39
1
98
33
42
68
24
39
22
65
44
16
86
95
18
62
39
72
79
76
91
67
90
36
48
86
30
43
20
98
68
22
22
22
1
26
23
67
67
12
22
48
85
65
96
12
22
65
10
46
87
17
68
1
9
76
66
36
66
60
67
67
1
65
30
34
30
87
37
2
35
39
44
89
64
76
87
43
86
32
87
85
37
68
59
60
75
63
23
87
33
33
15
34
40
76
17
68
67
44
17
31
67
16
98
50
81
9
19
88
87
43
7
94
0
39
79
1
22
14
95
25
76
25
1
92
31
47
58
97
62
91
42
38
46
42
28
75
81
85
12
65
61
93
28
37
52
19
75
71
90
75
34
91
25
66
98
62
36
31
16
43
15
76
59
48
81
51
22
58
29
39
52
63
26
28
28
86
12
86
91
31
90
42
7
74
81
25
4
22
54
47
28
11
22
33
68
68
47
68
17
49
86
99
75
23
31
59
75
90
28
69
39
76
85
29
95
39
35
35
82
43
51
86
86
72
68
5
47
24
68
70
35
37
17
22
74
82
85
43
35
68
71
89
72
61
60
43
91
71
69
73
28
67
61
28
49
67
66
66
66
76
10
91
37
60
36
33
62
90
14
42
72
72
86
60
66
50
1
55
88
16
44
15
0
38
85
56
68
54
76
48
58
91
76
68
14
22
67
58
12
26
68
66
50
50
28
67
15
76
68
68
39
68
33
40
27
0
50
84
91
62
85
38
85
91
98
31
47
86
15
47
68
79
22
22
1
78
14
68
68
34
6
81
15
25
36
6
5
56
10
67
42
42
66
32
89
75
23
51
61
82
52
75
1
72
33
42
88
79
67
29
64
67
91
76
37
50
81
81
47
51
73
51
68
31
98
6
88
32
11
36
66
39
25
47
