93
33
97
69
46
17
7
36
95
49
46
75
0
46
7
91
36
0
45
62
17
13
46
46
36
56
4
96
41
76
93
8
36
41
45
0
0
46
64
81
19
86
36
90
15
34
25
83
41
87
17
95
82
40
45
87
14
42
33
75
69
90
4
7
94
97
22
7
86
89
41
97
66
50
14
89
72
95
17
76
40
40
15
15
62
34
95
56
24
25
89
50
32
30
80
64
79
50
50
50
41
34
81
81
93
77
55
17
9
62
95
96
62
62
96
40
51
95
34
60
66
51
2
72
32
36
23
98
58
65
50
34
36
26
80
59
66
30
20
34
14
39
76
42
0
96
97
33
4
33
60
20
99
27
55
56
34
49
89
63
31
34
76
8
90
7
30
94
13
62
98
75
2
90
19
41
78
64
87
92
61
88
38
51
50
13
30
62
78
95
17
50
6
46
13
6
76
76
13
99
2
81
45
99
55
56
17
17
48
64
79
55
32
34
87
75
0
36
6
67
78
87
24
76
9
2
81
0
98
16
49
13
93
22
30
56
0
36
13
75
71
65
0
69
81
99
0
75
65
71
51
49
8
5
45
62
81
9
26
57
45
17
76
36
24
0
36
56
75
0
76
9
17
95
14
6
81
96
53
48
91
0
9
76
3
97
34
87
0
21
9
13
25
56
45
22
0
59
20
19
4
58
12
66
94
89
12
5
45
43
69
79
22
17
40
17
39
19
36
36
17
88
39
15
10
88
65
75
20
95
99
8
0
20
20
61
20
41
59
57
5
88
80
30
95
49
75
69
76
69
95
9
7
57
87
76
36
0
72
36
42
76
60
90
42
55
75
13
87
64
0
40
78
86
19
98
49
63
85
31
46
25
0
50
66
7
93
40
87
31
81
34
52
50
39
98
67
75
67
19
36
74
41
16
51
95
76
66
89
17
72
20
16
57
86
76
19
60
28
99
36
50
65
11
71
13
19
67
13
46
4
4
63
7
44
98
97
98
90
47
84
15
9
2
19
45
62
62
4
23
50
40
17
34
93
21
8
32
28
26
26
24
19
19
11
50
64
72
54
4
86
59
72
54
49
75
36
36
51
86
40
29
78
78
90
83
86
45
86
75
36
36
90
7
79
82
9
41
35
66
4
72
20
97
30
8
46
13
24
36
36
64
50
75
17
71
1
71
69
85
1
33
31
93
61
41
55
97
22
96
20
40
38
93
79
36
21
7
47
0
8
12
79
18
73
70
19
94
99
69
76
79
42
79
64
0
8
6
87
18
39
39
32
82
82
36
18
60
69
40
61
13
57
69
7
64
90
69
53
56
89
90
69
28
85
86
34
79
34
77
87
2
78
91
47
33
62
53
32
80
34
31
26
58
71
78
62
14
99
5
26
44
53
89
30
33
12
30
88
31
26
73
29
13
43
24
34
87
86
13
97
45
36
49
79
29
32
41
91
96
22
19
17
30
79
35
80
97
41
23
5
8
20
22
66
47
22
94
60
26
79
52
15
36
36
86
1
93
70
55
38
98
43
99
13
87
93
17
60
10
60
55
1
97
82
93
8
17
19
17
78
22
94
78
94
69
34
66
61
83
97
34
36
36
21
72
77
19
5
11
15
10
15
78
36
76
97
14
73
50
34
68
39
39
50
62
30
60
81
41
97
60
56
53
67
27
60
51
40
52
34
95
15
26
94
89
94
59
30
82
34
62
60
5
66
21
89
66
74
82
40
86
11
56
86
80
26
93
78
34
95
8
40
56
50
34
52
82
5
51
63
37
87
93
87
62
97
12
3
24
82
76
95
69
22
82
13
34
60
78
62
79
82
36
19
84
34
86
66
96
93
45
80
93
27
17
17
7
45
12
93
26
36
36
62
81
12
36
79
40
97
96
36
36
5
56
12
99
40
37
94
45
99
92
51
56
78
17
74
34
45
5
80
79
34
10
27
44
18
79
79
89
61
97
14
81
15
42
41
24
65
39
90
85
6
69
6
49
50
90
15
57
92
34
50
11
18
44
18
31
63
9
39
54
84
71
90
24
91
54
47
35
16
11
6
80
35
36
76
49
9
52
15
5
93
38
25
52
1
31
85
97
97
1
1
51
3
16
42
90
78
60
9
14
28
16
19
37
3
52
64
50
80
2
42
43
2
59
33
16
69
76
49
0
82
24
66
11
2
41
39
61
44
58
97
97
96
69
90
15
64
99
13
41
2
93
87
65
21
21
82
4
46
36
82
22
83
16
49
75
72
24
76
17
65
95
94
96
75
18
90
99
37
97
64
55
78
61
97
75
18
17
91
8
87
39
7
86
79
69
64
23
28
61
75
91
38
46
86
26
13
99
2
71
78
43
21
92
84
73
46
98
2
55
26
52
33
78
7
79
78
74
64
5
21
76
78
33
15
17
33
89
0
7
28
0
21
49
36
95
4
0
43
75
0
13
37
17
58
77
87
83
67
19
39
7
69
21
7
34
59
99
33
76
69
64
3
11
78
83
36
93
36
26
4
24
97
12
44
28
83
41
15
7
42
50
18
95
20
41
22
43
26
9
48
74
1
48
2
13
9
93
13
23
20
36
78
86
85
38
45
99
64
25
26
35
9
5
42
6
90
93
45
19
28
12
24
57
88
30
76
19
67
34
59
79
0
4
92
16
43
42
79
43
74
47
21
92
6
0
0
36
28
3
4
19
88
7
90
20
6
68
68
19
9
99
13
76
0
6
40
29
49
97
96
81
41
34
81
5
18
30
95
41
55
96
45
70
76
42
50
35
46
80
87
36
96
73
51
49
68
2
42
99
11
32
57
88
8
16
87
5
37
72
36
95
99
92
4
69
40
40
68
8
34
88
18
93
56
49
95
13
31
68
62
97
7
58
93
58
88
23
43
69
57
3
69
86
45
54
62
98
96
17
95
23
23
54
97
4
86
36
95
3
86
97
70
85
43
16
4
0
72
72
55
77
5
50
87
56
83
33
7
33
96
72
22
82
96
50
33
20
82
3
41
58
5
68
23
68
47
87
88
23
68
23
6
11
93
41
