92
96
35
65
87
22
15
51
51
62
87
61
95
87
15
95
51
95
61
30
22
4
87
87
51
46
76
93
26
51
35
73
51
26
61
68
68
87
21
45
81
69
51
44
50
43
57
37
93
5
22
74
3
35
61
37
46
36
96
95
51
44
87
15
96
49
11
15
7
64
22
49
24
94
40
43
77
74
22
50
35
24
50
50
59
73
74
46
89
17
64
46
43
88
45
21
97
94
53
94
27
80
45
45
6
70
57
22
12
46
97
27
24
46
46
43
84
81
73
41
24
46
37
77
4
51
72
56
21
14
94
64
65
75
71
74
24
44
67
97
93
69
50
36
53
93
49
96
76
96
64
67
82
31
10
5
35
31
83
49
88
97
19
80
44
15
44
94
37
30
68
95
78
36
12
26
60
21
80
4
17
98
25
84
94
17
63
59
60
81
22
94
32
85
37
79
81
22
4
57
78
45
95
38
31
46
22
1
48
83
22
57
37
73
5
95
68
51
27
99
60
53
4
50
74
78
45
68
68
91
4
37
6
61
89
5
68
1
37
39
14
14
68
89
45
82
68
95
14
74
53
53
73
52
61
44
45
14
93
92
61
22
51
51
4
68
51
41
95
68
50
1
94
81
13
79
20
78
59
48
73
68
23
19
90
80
73
5
73
2
81
37
17
55
61
68
68
7
11
36
98
36
89
48
30
64
55
46
61
39
50
97
66
22
35
22
69
36
51
51
22
7
34
50
80
76
14
95
11
50
38
73
68
11
11
85
25
26
23
71
21
98
71
88
97
68
95
50
19
65
74
81
15
71
5
50
51
95
77
51
36
50
41
50
65
35
95
4
5
34
68
35
60
7
94
56
31
28
71
4
87
33
47
94
30
15
35
35
37
84
45
43
1
53
69
62
65
39
22
81
51
29
26
67
84
74
7
24
64
22
77
11
95
71
36
50
81
41
80
57
51
94
14
79
59
4
9
19
37
87
87
68
2
4
92
37
24
56
44
54
28
28
12
78
36
61
17
53
98
18
46
69
22
64
35
76
73
37
45
75
55
66
81
36
99
94
39
77
16
87
58
23
77
85
62
95
51
51
84
7
35
25
48
48
65
90
0
61
0
39
51
51
44
15
97
3
36
26
67
24
98
77
11
49
44
72
87
37
3
51
51
77
96
95
22
59
14
59
16
88
66
79
18
57
62
26
10
49
57
27
11
35
96
92
88
51
76
15
72
68
55
44
97
8
89
58
81
30
38
65
74
46
65
97
39
95
73
79
5
8
69
69
4
3
3
1
21
41
7
18
3
4
35
65
15
39
44
65
40
80
64
50
65
63
75
58
73
97
43
70
18
93
92
98
15
96
59
60
18
45
46
43
55
14
48
60
30
46
31
21
55
6
59
83
93
96
43
93
69
37
80
49
45
37
39
66
35
5
36
37
49
61
1
2
97
17
4
26
38
27
17
1
22
1
97
31
71
49
93
42
83
55
11
11
24
62
67
30
64
93
43
9
89
51
22
7
33
60
58
10
38
56
39
57
37
5
57
22
41
99
41
10
66
49
3
35
73
22
81
22
60
67
30
60
30
65
43
24
85
3
49
35
51
51
38
77
70
36
21
86
50
28
86
60
51
51
49
40
86
96
43
47
34
34
94
30
63
41
45
26
49
41
3
59
26
29
41
3
64
0
97
74
89
93
30
83
96
40
63
3
73
59
41
83
96
41
64
24
29
3
35
0
32
5
7
71
55
57
53
46
50
38
35
46
53
53
44
83
21
43
97
80
46
35
5
46
49
77
90
4
3
50
50
65
11
3
37
73
41
60
53
97
6
22
81
28
97
58
24
93
6
61
71
35
52
22
22
4
61
93
92
55
51
51
46
45
80
51
97
24
49
27
51
51
83
55
80
82
35
88
30
61
82
83
53
5
53
26
29
43
61
83
71
97
46
28
52
6
8
97
97
83
85
24
99
45
86
9
26
66
14
34
44
71
79
65
79
77
96
50
89
71
85
46
48
32
8
66
8
84
57
14
34
16
28
86
81
66
83
99
67
52
91
32
1
49
37
51
51
31
32
9
78
83
35
56
33
0
66
62
75
49
24
1
34
84
0
91
89
50
60
64
12
99
90
95
81
88
77
0
39
53
71
78
81
62
13
23
80
91
65
97
31
68
3
4
64
1
78
26
95
85
67
32
49
49
27
89
50
97
21
82
37
26
78
6
37
1
76
2
3
87
87
51
3
48
5
91
4
95
77
66
7
22
90
81
94
27
39
96
44
57
88
21
21
35
53
85
49
95
8
22
47
73
37
95
15
89
97
89
39
33
63
85
95
43
80
87
89
75
4
57
78
14
60
39
38
15
28
86
87
4
78
60
93
13
1
6
31
80
60
29
39
21
38
50
60
96
78
22
96
17
98
15
63
68
76
47
65
97
87
68
20
95
68
37
25
22
36
70
5
52
19
9
54
15
97
69
15
73
7
2
96
19
50
21
80
71
53
39
51
6
65
93
76
89
49
93
91
63
83
48
86
15
36
44
8
81
11
26
67
39
55
81
48
29
34
48
78
4
12
92
4
25
11
51
60
7
75
5
2
92
39
17
55
29
81
21
36
79
36
92
61
81
23
89
4
25
69
63
19
36
65
97
23
97
68
76
15
91
39
12
97
66
29
85
76
62
32
95
68
51
71
88
76
81
98
62
44
67
79
72
42
9
14
57
4
50
68
86
21
25
68
45
99
45
26
53
45
74
70
63
74
26
10
99
61
16
50
36
94
67
85
71
37
51
27
86
80
4
67
78
36
31
32
18
35
69
73
91
5
52
0
77
1
74
57
85
76
81
35
84
47
85
64
98
8
92
55
85
51
37
18
7
46
24
31
36
92
86
69
42
39
65
71
90
16
7
11
16
46
52
27
22
12
72
25
16
49
76
58
22
74
79
58
49
58
71
15
84
76
68
77
77
60
70
21
96
80
46
37
79
31
96
93
77
67
3
27
94
96
17
3
26
75
74
52
47
72
42
72
39
72
42
42
42
32
99
35
75
